


MATRIX float 50 50
753.923 910.776 798.476 811.166 639.081 234.742 533.793 314.468 636.313 673.399 157.739 992.64 18.183 518.474 507.921 707.557 283.725 164.683 90.459 258.887 808.363 441.416 873.689 229.457 783.648 907.084 270.205 532.163 732.876 13.735 364.918 782.441 833.934 935.98 214.476 457.635 668.179 748.122 477.701 119.572 210.28 719.643 813.712 821.359 505.759 740.599 704.108 708.25 228.598 209.181 
431.584 925.981 634.797 130.62 931.038 54.264 376.861 388.774 400.924 286.238 869.873 663.326 552.531 30.641 810.824 983.749 21.65 191.997 815.895 491.281 59.506 888.486 658.078 318.827 696.944 37.648 723.976 769.338 30.781 702.162 50.968 269.552 244.925 516.561 309.229 392.772 388.464 292.125 393.017 993.474 315.78 403.615 763.373 19.274 919.506 655.132 308.345 191.968 60.16 882.855 
726.86 544.299 493.824 441.04 547.928 568.944 356.394 20.32 286.482 120.743 624.651 767.637 379.393 294.873 342.072 507.48 73.234 73.075 671.472 222.531 123.483 260.47 640.939 311.918 403.757 111.852 653.733 611.419 62.386 722.723 243.189 88.34 583.679 497.765 679.149 77.955 192.061 326.46 384.453 107.035 73.769 168.997 131.725 189.724 1.004 212.81 988.682 329.397 945.38 234.882 
489.709 167.543 181.909 806.424 295.911 605.429 658.232 838.378 109.86 400.328 392.186 657.229 863.518 96.021 282.585 954.07 339.073 281.159 802.017 489.223 451.241 331.562 155.378 443.821 60.714 792.25 638.245 587.032 738.724 4.474 522.297 2.074 875.555 574.187 645.618 929.711 193.461 321.271 284.731 936.23 685.287 878.344 691.431 374.897 830.435 791.334 181.557 435.158 688.642 754.876 
425.646 478.625 454.077 538.647 79.648 263.473 521.54 903.93 61.607 144.232 545.663 44.524 340.579 899.011 601.191 891.354 601.547 411.28 377.118 54.933 240.598 329.968 821.408 991.395 782.953 665.49 857.514 312.746 935.1 488.666 109.142 931.924 717.835 317.204 533.914 342.59 597.028 650.687 254.158 223.049 830.518 983.461 9.775 814.228 310.354 546.015 347.41 534.812 364.434 112.246 
635.831 494.434 430.26 554.952 696.792 449.576 289.049 809.877 500.243 127.521 173.112 836.949 615.586 695.875 25.031 86.572 93.33 181.139 66.057 394.952 175.314 442.989 395.696 352.693 776.531 961.886 810.979 523.979 491.277 899.615 521.636 394.95 621.464 768.935 241.255 628.867 974.122 662.857 101.963 95.29 987.209 277.324 736.296 933.723 517.465 345.602 717.693 13.064 89.946 867.763 
117.102 397.818 191.706 225.722 239.33 298.592 793.431 304.436 254.691 167.41 688.281 346.1 258.024 710.724 521.838 974.14 897.832 271.083 104.283 877.628 621.094 330.038 592.152 83.364 250.608 203.085 301.176 826.054 48.982 85.03 809.904 161.298 215.956 128.912 447.274 447.94 606.338 959.933 909.258 877.139 537.531 172.534 465.3 845.82 579.711 135.262 412.164 683.384 831.918 45.589 
903.516 607.453 231.386 240.171 415.881 449.09 294.588 718.172 558.561 962.357 517.58 777.497 268.999 858.558 346.396 667.057 653.466 896.162 272.682 819.565 887.732 178.844 555.889 344.43 272.964 984.574 846.992 66.92 836.457 248.985 279.928 333.074 303.378 144.589 456.201 266.801 971.229 849.715 401.964 257.694 274.761 73.582 560.496 731.236 982.869 461.678 249.577 847.373 610.122 675.644 
2.711 253.11 996.112 212.101 852.126 932.207 155.98 908.536 992.076 323.521 289.452 106.836 644.451 133.785 819.511 403.196 955.657 715.622 85.405 143.678 85.437 73.859 791.642 130.988 167.864 264.077 894.56 206.863 795.033 196.628 902.452 699.649 972.835 329.068 192.351 97.762 257.24 978.493 246.73 724.446 329.394 815.851 107.846 898.419 171.22 735.857 885.58 610.482 426.401 735.152 
661.805 821.223 740.322 121.619 351.003 162.45 953.944 509.588 611.334 956.315 895.476 272.694 766.181 871.674 734.898 923.845 144.473 482.71 782.204 862.048 453.337 575.986 877.942 553.596 832.066 993.903 618.398 509.894 613.215 401.575 148.422 169.325 584.339 58.841 60.044 858.904 321.653 893.05 281.33 486.649 214.892 885.141 334.018 841.136 830.864 424.161 543.581 284.913 633.306 190.871 
145.731 386.706 540.365 616.231 170.578 641.396 282.898 97.082 332.192 786.394 644.822 2.445 957.087 170.159 84.993 505.976 492.943 413.975 284.09 892.878 282.891 669.61 645.145 495.625 766.569 269.251 798.028 990.729 802.86 105.875 355.653 458.24 729.967 669.528 193.851 817.873 389.855 626.394 633.307 853.944 290.934 750.92 360.422 400.697 517.185 118.887 572.421 202.403 403.836 252.867 
837.443 275.034 694.408 40.653 559.743 872.767 46.38 59.87 934.154 69.051 62.602 694.652 894.178 804.787 435.37 14.178 690.464 21.703 256.887 370.057 223.768 478.778 492.891 158.37 393.997 41.331 433.134 599.665 558.871 56.398 461.469 903.89 903.474 955.05 515.92 659.034 571.858 829.486 947.014 580.337 785.751 443.974 684.266 591.222 319.377 59.315 199.49 457.631 945.371 688.444 
835.815 775.609 705.863 344.356 127.604 570.285 688.023 727.081 293.939 452.471 284.999 596.32 990.578 279.264 753.837 801.977 597.151 202.115 823.156 709.743 968.379 874.816 692.297 421.398 730.896 375.628 726.981 613.193 63.732 118.721 506.551 889.308 347.452 612.841 953.962 101.45 853.051 168.806 213.709 659.792 969.216 359.152 724.347 210.181 240.162 657.321 204.887 625.836 402.272 615.892 
304.029 813.395 546.462 395.509 226.248 105.142 899.067 915.064 484.76 649.049 684.839 599.918 933.342 397.63 801.39 891.541 665.97 158.855 869.436 223.793 538.46 586.749 277.42 258.43 514.383 377.664 676.868 919.813 656.116 620.963 571.871 305.908 910.028 675.968 936.968 453.58 8.761 497.666 549.972 866.531 169.729 230.171 186.94 485.914 521.887 296.974 364.284 194.613 433.826 888.497 
223.569 267.214 634.641 653.706 427.193 994.792 616.622 777.164 722.878 843.343 68.364 527.108 692.039 340.652 51.537 687.147 193.091 303.357 269.103 12.902 202.379 653.6 923.069 527.577 951.838 420.165 997.019 923.267 472.881 585.67 8.291 777.119 106.165 774.852 79.779 652.821 615.998 906.392 849.986 415.818 707.824 894.971 374.054 963.104 151.048 541.065 63.853 986.249 935.722 479.134 
118.709 936.649 365.268 383.409 274.266 645.923 0.385 952.378 132.07 840.812 443.175 863.884 831.702 23.532 103.964 91.669 526.659 675.723 88.059 690.087 798.06 846.264 465.563 261.097 814.637 497.603 110.935 288.973 221.988 91.151 743.19 188.824 484.332 329.881 483.986 119.811 420.36 123.462 783.1 56.569 837.694 813.587 534.743 711.409 196.356 134.158 802.435 772.79 812.433 240.047 
688.769 431.135 865.978 474.745 182.349 991.29 349.986 98.709 639.147 48.39 512.032 75.47 73.089 608.016 723.411 248.12 397.373 362.013 623.975 434.884 669.272 688.254 696.7 925.594 83.455 440.398 401.216 176.861 391.321 643.848 113.061 895.079 957.622 855.356 672.986 18.689 578.678 39.315 877.611 169.836 400.489 48.633 16.021 969.358 44.508 121.583 264.795 288.508 593.682 410.678 
753.248 507.59 955.896 844.167 171.507 979.965 13.946 933.364 832.169 277.892 162.94 795.939 162.243 200.085 134.693 676.499 289.148 648.159 471.0 572.651 743.914 699.846 495.279 18.197 85.196 540.859 660.314 59.805 681.518 546.943 795.333 233.452 487.222 510.605 876.834 207.655 309.64 228.434 403.826 489.005 503.775 614.493 773.006 485.516 121.377 727.712 459.745 198.317 132.882 679.54 
706.179 978.197 320.668 188.884 151.701 354.146 122.965 612.439 77.187 704.014 412.022 939.674 685.151 547.771 302.744 383.479 745.206 716.429 933.273 453.051 121.286 576.553 928.873 543.66 857.884 151.99 418.413 369.327 75.284 995.195 736.437 570.002 996.96 962.809 562.87 156.136 590.773 865.063 338.58 732.466 459.466 365.506 382.378 887.918 468.248 409.999 612.272 51.091 814.973 359.04 
34.099 785.547 742.347 373.353 314.442 716.01 647.765 875.195 784.166 861.571 449.402 931.882 283.64 888.286 193.858 150.248 793.733 539.143 164.872 212.079 309.694 35.079 842.532 853.976 751.142 104.301 9.441 727.929 959.667 7.736 205.422 937.844 206.582 999.102 574.315 474.962 687.149 156.112 857.422 22.3 122.269 810.956 551.458 291.92 533.307 536.461 258.537 420.127 278.996 441.467 
108.595 308.387 110.716 622.244 7.99 584.099 962.406 913.084 141.495 38.215 51.36 400.463 672.094 365.102 54.5 710.978 694.659 436.348 962.281 925.105 279.561 4.539 572.503 267.906 536.372 394.349 781.282 14.415 29.15 954.494 162.896 529.459 557.745 381.086 685.743 179.59 17.162 777.665 121.373 571.815 585.596 7.992 988.276 511.05 425.842 767.709 717.727 935.679 71.552 193.408 
454.46 996.631 510.973 434.075 327.152 860.075 153.18 748.268 657.474 444.967 516.912 447.426 862.795 49.736 1.163 736.705 391.961 592.584 702.591 201.243 379.353 539.401 85.639 398.805 67.933 520.182 12.111 873.737 834.14 707.156 183.451 709.839 607.967 245.038 36.001 886.235 525.449 125.273 467.993 962.467 393.759 955.552 419.489 52.653 478.936 488.313 604.514 176.265 560.629 621.211 
542.4 472.91 686.24 900.461 538.99 933.07 136.609 407.502 588.168 654.4 334.122 815.359 872.131 966.853 123.776 626.966 45.606 601.593 376.468 909.019 550.834 992.213 158.189 281.668 890.111 824.431 846.005 590.625 238.583 20.3 635.629 185.244 193.68 996.736 654.221 397.831 915.397 48.29 490.49 215.991 385.988 419.626 186.177 43.664 887.999 56.447 420.748 544.492 360.581 856.579 
625.165 464.431 546.189 32.518 571.87 783.889 59.836 136.873 566.42 902.25 623.024 873.363 675.392 450.503 919.368 541.91 768.275 391.427 495.111 466.506 906.219 434.421 571.003 284.991 360.129 104.581 797.903 991.068 174.22 624.665 663.057 437.436 398.606 631.304 298.386 891.424 669.098 344.3 928.251 217.246 632.536 618.009 64.227 728.073 725.0 949.028 987.347 814.137 308.908 154.949 
240.657 293.307 825.372 470.25 975.209 210.783 366.194 403.238 329.15 813.537 236.058 911.216 660.474 679.374 189.974 984.004 537.205 643.338 754.957 934.928 887.144 208.18 934.611 606.721 563.427 579.49 584.646 170.368 925.148 422.096 107.325 994.094 417.709 828.797 585.656 252.951 655.685 567.777 955.265 492.871 839.124 131.099 440.405 645.193 2.004 313.7 50.384 927.181 227.546 462.36 
615.743 387.97 731.482 985.539 954.258 935.135 850.213 509.614 366.194 811.189 596.284 737.704 779.572 259.522 359.576 150.222 591.73 771.275 450.524 176.43 788.334 521.008 394.249 776.262 260.245 807.307 21.906 113.151 287.295 863.434 210.422 185.217 341.335 855.763 167.186 26.8 860.958 449.56 328.957 344.024 893.361 559.449 230.163 510.581 716.718 312.951 308.536 231.551 585.928 317.302 
851.938 61.567 358.854 157.79 594.858 578.507 542.166 833.414 922.804 979.224 822.689 743.585 595.677 255.328 172.704 846.915 718.163 959.528 749.74 812.026 572.132 381.17 620.871 592.016 803.156 758.82 234.757 533.254 212.832 347.754 508.43 137.154 225.435 813.408 420.68 311.875 241.604 414.421 630.002 23.054 272.597 197.601 676.212 6.943 134.84 50.937 754.604 118.136 859.349 739.923 
434.73 333.566 715.446 857.678 996.334 39.329 72.229 686.662 737.602 211.334 441.592 834.883 237.085 809.141 302.939 547.363 764.084 377.953 860.589 416.697 110.672 912.007 981.064 866.561 713.593 245.798 315.614 504.063 384.059 538.868 650.184 547.884 789.222 485.513 147.511 443.859 670.137 334.488 654.397 233.122 41.911 436.913 152.3 345.594 285.678 169.125 658.605 613.323 736.556 225.42 
433.939 830.841 985.01 562.44 734.977 818.281 901.666 267.454 354.277 732.613 575.54 714.247 23.328 742.208 849.349 821.647 357.183 310.575 79.96 135.642 987.89 386.864 844.537 421.183 178.772 740.533 722.689 649.862 97.353 53.593 806.705 919.758 266.458 708.625 318.716 425.641 565.155 819.835 850.907 881.604 417.61 15.256 232.29 346.048 482.333 483.126 312.945 847.679 589.163 547.748 
663.249 251.542 375.063 564.459 749.622 855.99 136.66 6.199 71.329 623.601 855.381 69.626 779.631 981.326 941.357 804.584 681.089 95.354 978.432 257.299 571.88 899.476 348.74 492.756 59.876 966.441 435.278 33.047 382.985 442.294 759.875 786.941 482.639 671.846 292.65 877.405 592.814 277.457 470.384 531.959 67.058 889.771 483.122 160.413 32.664 789.868 674.402 464.377 779.025 588.232 
282.905 875.209 223.264 315.733 62.191 143.599 36.841 371.353 15.286 990.55 538.093 361.25 102.877 550.868 410.84 211.68 465.677 635.729 723.692 897.998 32.164 152.005 456.612 646.435 748.944 157.271 456.25 233.423 262.474 80.619 590.702 652.341 1.04 390.653 52.12 925.796 449.53 854.149 179.846 636.664 816.455 416.613 694.522 39.143 267.295 554.478 694.708 422.419 318.518 619.217 
379.493 725.574 679.433 517.509 365.472 307.069 701.24 635.871 176.679 997.002 269.35 634.446 13.568 17.467 1.474 231.685 996.17 694.666 935.432 166.422 924.196 695.51 238.319 277.545 902.999 638.132 305.3 516.426 592.627 622.278 794.07 818.805 520.133 713.082 495.541 565.44 990.652 342.104 148.646 628.612 812.757 307.033 773.854 178.766 532.56 989.328 986.406 874.823 9.921 714.325 
394.359 679.911 653.65 240.755 456.007 851.859 663.635 864.489 245.964 35.98 635.778 647.469 985.71 272.353 431.934 839.054 475.72 558.844 785.905 759.22 393.377 655.71 146.205 484.181 689.895 929.369 788.074 101.036 949.496 923.803 599.745 8.798 51.88 242.834 651.859 268.431 455.531 597.361 365.207 983.787 473.013 799.25 184.988 914.947 438.755 644.476 982.629 319.615 532.749 263.34 
877.948 18.395 442.159 351.825 889.452 101.192 954.049 873.842 173.433 472.818 85.667 874.159 477.8 603.434 605.878 232.129 80.416 23.19 208.716 547.049 896.847 170.248 552.215 263.888 733.71 628.792 232.623 426.358 338.454 99.647 314.901 393.266 95.182 31.811 810.034 834.183 841.243 477.384 150.086 168.702 247.921 472.906 707.013 163.669 638.484 496.056 102.445 786.079 636.77 639.049 
992.312 301.629 899.691 297.151 938.797 817.105 463.62 124.329 26.226 321.624 580.051 61.918 12.212 515.925 919.453 777.421 629.346 347.74 428.393 98.217 204.849 218.284 860.682 57.343 449.529 484.425 454.774 97.209 930.89 472.03 932.475 513.541 2.742 25.665 578.622 278.365 457.934 59.223 642.405 351.483 475.783 221.154 621.575 669.054 750.599 812.719 417.368 653.802 957.657 814.607 
865.831 657.294 320.14 168.064 263.891 928.996 757.306 126.007 114.211 414.783 593.502 353.517 427.503 650.495 669.243 235.615 729.245 553.795 563.756 56.801 69.133 358.863 675.604 345.084 854.934 312.378 165.252 341.448 215.958 512.536 997.321 70.586 613.958 554.56 113.616 663.189 458.464 362.153 798.136 781.878 756.95 790.716 930.659 556.921 612.299 307.534 365.173 186.997 489.688 416.251 
101.193 207.491 423.98 482.242 358.8 278.344 662.991 91.581 758.396 343.924 216.353 912.713 682.819 636.012 436.221 375.197 867.754 762.819 100.592 450.868 510.206 122.414 198.286 128.148 674.082 246.835 736.777 641.675 217.296 962.359 190.068 450.676 392.726 239.574 247.491 484.89 968.531 337.756 700.115 198.271 599.055 587.589 976.201 820.458 503.336 298.863 889.076 85.801 789.117 940.461 
974.185 839.425 328.266 198.302 278.27 696.038 394.125 408.729 395.226 787.467 148.429 903.197 305.985 31.408 1.086 468.752 361.554 780.29 677.689 956.226 390.547 380.093 127.568 751.794 948.387 19.754 616.704 550.792 273.073 2.692 766.332 22.853 244.852 482.093 226.214 317.77 538.751 34.059 972.045 491.141 664.05 778.151 677.659 323.122 554.566 649.22 177.297 281.479 477.789 975.9 
295.234 698.292 816.205 382.815 532.053 341.489 806.227 836.064 536.872 62.59 716.323 539.917 385.972 74.442 224.58 727.147 173.641 750.805 989.237 728.181 924.098 827.465 629.627 588.975 642.33 922.334 902.032 500.799 922.245 822.517 135.933 904.919 33.282 600.972 747.117 964.327 545.502 631.541 542.3 812.08 448.855 550.185 793.887 721.361 113.118 844.952 493.732 603.675 939.576 105.694 
676.768 662.104 661.189 57.099 460.611 595.682 789.83 882.589 469.869 214.539 146.099 230.18 160.558 567.286 129.895 436.932 939.646 807.047 9.782 227.482 889.126 882.543 29.27 779.621 420.964 939.32 441.072 400.571 93.198 755.179 629.571 63.789 16.863 1.621 649.067 222.725 561.16 592.999 582.376 275.448 281.327 340.91 789.778 765.124 395.046 103.977 709.943 725.064 910.883 710.971 
274.073 538.659 793.373 222.01 288.993 579.769 778.976 415.17 890.254 374.834 320.027 729.636 717.45 644.495 746.221 816.257 310.169 311.479 409.104 930.763 717.333 869.228 442.781 497.754 593.013 925.506 561.138 240.067 296.087 698.916 499.796 518.659 535.378 549.774 767.267 112.597 559.333 459.511 49.938 523.287 257.19 327.501 944.638 543.392 143.554 32.919 838.273 549.105 256.641 383.579 
210.81 923.629 629.588 429.475 190.333 961.975 203.148 510.887 915.356 4.638 492.634 394.159 453.288 117.014 321.591 866.976 136.337 76.647 313.821 963.205 916.409 781.28 208.966 48.099 195.726 176.119 72.99 687.636 29.99 923.989 561.452 838.759 109.351 743.538 961.41 212.443 744.144 889.819 527.804 604.119 853.686 3.877 516.965 130.16 166.042 16.203 510.605 655.057 120.815 949.206 
388.002 380.175 255.147 825.467 267.963 16.092 635.438 301.268 689.662 244.16 828.382 761.357 386.582 326.124 31.811 66.28 339.151 190.018 341.117 308.274 341.059 161.574 877.884 513.174 916.866 2.689 807.921 736.151 872.773 915.64 155.426 398.025 711.678 419.478 919.906 868.984 619.604 493.667 365.372 622.24 89.124 446.67 740.602 743.157 113.647 721.756 993.64 285.727 111.575 598.656 
22.912 875.099 495.006 884.995 658.118 165.391 959.966 551.631 311.604 237.094 511.299 206.168 709.009 338.191 924.942 515.105 534.91 696.934 317.434 16.491 720.07 471.635 911.718 182.377 572.948 38.661 338.627 607.492 943.503 441.537 877.837 235.948 463.226 179.123 157.962 37.182 304.679 853.415 56.521 298.028 721.945 255.83 306.679 551.279 256.121 870.128 747.44 687.006 282.869 140.038 
645.279 214.113 464.821 993.496 474.023 849.628 803.658 966.598 453.443 203.629 707.609 882.618 801.583 594.739 966.35 471.816 617.812 605.538 93.24 304.557 62.097 851.949 691.177 625.708 124.117 969.709 94.266 600.603 445.204 999.162 159.922 978.192 677.158 591.639 664.913 434.582 451.226 155.091 301.888 193.357 910.278 726.265 768.333 556.637 424.418 665.567 802.696 799.487 857.21 92.542 
405.521 465.792 149.923 746.642 274.101 644.022 344.946 497.782 559.348 259.419 490.497 627.684 552.472 943.187 421.656 94.634 369.925 136.421 146.029 820.861 526.937 760.629 368.79 792.797 526.067 59.459 15.451 75.776 2.128 524.785 627.475 633.359 307.273 280.964 952.748 503.773 610.183 162.044 16.04 310.985 228.406 534.465 789.549 37.165 670.18 795.06 814.332 192.828 714.513 530.009 
385.503 498.222 643.781 956.219 30.557 704.76 395.464 761.308 196.591 107.38 195.272 50.184 608.918 53.996 146.955 923.215 516.823 61.808 69.886 695.266 438.945 808.007 72.638 242.604 41.6 618.49 77.13 996.011 487.877 755.949 454.089 212.259 285.372 822.35 126.505 630.488 673.921 94.036 710.465 532.171 442.737 376.134 83.418 585.961 885.109 488.816 707.29 987.798 562.218 531.618 
740.441 911.781 539.942 329.429 497.463 85.359 362.855 805.429 992.068 33.958 56.224 204.97 712.948 943.197 654.037 178.374 385.432 634.689 259.688 136.128 520.267 477.694 793.675 566.58 682.561 267.639 441.429 318.628 43.158 715.979 877.209 651.856 444.676 651.862 744.116 274.115 848.663 253.834 968.041 916.604 384.236 234.98 762.021 319.791 365.661 369.358 781.341 651.609 734.644 154.415 
622.986 75.637 383.633 87.591 314.214 296.709 356.895 510.571 754.437 44.734 499.87 836.989 365.892 305.464 713.091 955.478 586.68 750.625 321.746 540.076 477.894 792.931 596.438 970.06 970.758 15.246 825.705 985.536 519.941 537.103 622.044 62.596 422.57 357.522 693.014 955.783 402.128 20.412 278.549 208.525 574.696 963.569 470.695 695.149 941.272 812.371 264.026 5.903 40.67 813.625 
63.761 462.539 574.549 502.998 553.689 748.317 48.692 826.926 680.571 109.08 677.44 394.964 212.55 540.903 4.224 208.662 902.222 680.386 163.657 569.376 716.396 283.417 999.993 597.353 226.573 106.229 471.473 835.261 266.276 327.08 535.629 375.763 607.171 965.415 330.684 231.926 687.723 75.431 502.214 946.215 658.92 247.199 989.869 376.923 83.923 20.923 715.909 963.744 921.581 386.052 



MATRIX float 50 50
143.292 513.849 865.686 850.741 233.751 563.381 812.733 276.688 225.547 75.125 27.459 615.897 627.183 986.957 868.144 621.887 332.104 601.406 648.272 19.528 587.818 104.661 790.943 120.642 177.222 870.06 58.187 672.555 178.83 909.083 831.751 348.375 556.496 976.353 282.127 478.842 234.249 973.559 978.18 774.936 332.059 752.03 464.308 813.777 400.925 175.321 509.616 517.6 334.38 190.984 
277.371 504.145 663.365 549.624 719.875 226.644 160.479 967.987 774.524 458.385 555.74 848.438 923.154 65.548 624.796 590.418 884.106 196.68 290.485 45.354 68.934 487.604 10.616 738.252 219.041 474.908 729.337 297.169 484.131 527.857 152.885 692.314 599.398 443.988 281.977 181.219 913.497 546.36 621.89 176.767 944.663 952.757 530.298 261.556 692.474 802.403 443.323 853.442 417.434 264.887 
828.949 188.711 186.395 416.738 814.898 226.653 172.197 168.917 274.258 989.432 176.157 606.816 61.329 441.331 157.363 994.765 226.757 110.832 188.878 253.155 403.564 82.956 481.34 566.662 330.243 261.85 874.563 188.152 220.399 87.199 148.413 829.694 63.573 961.537 302.513 512.569 383.081 152.243 193.497 520.781 333.534 64.26 537.532 380.081 387.713 548.757 698.456 127.559 329.026 704.678 
145.907 142.352 898.816 882.313 330.366 910.701 412.357 62.695 877.989 177.827 142.634 928.53 13.341 366.354 832.302 325.585 219.553 366.952 48.212 827.87 864.962 465.76 889.58 633.94 681.33 58.485 937.068 145.184 763.606 59.446 601.383 892.833 109.847 964.625 954.79 205.42 697.569 364.983 376.328 74.09 610.315 67.698 407.874 261.356 552.886 214.983 28.444 428.874 750.575 388.797 
975.861 225.326 949.464 591.829 826.165 283.648 619.458 954.464 468.497 845.56 468.613 940.046 340.885 967.975 34.506 279.064 130.478 858.27 598.238 974.673 179.187 247.576 680.168 108.455 971.969 181.798 154.601 785.015 864.131 756.677 393.435 175.016 33.196 795.34 986.975 193.766 755.254 665.948 735.089 466.045 6.565 672.748 774.948 105.275 831.304 71.901 640.429 291.866 562.16 122.378 
875.597 322.501 944.186 554.964 278.829 502.619 285.216 16.867 943.25 707.132 196.27 231.803 63.057 448.75 799.974 485.745 311.663 542.333 929.306 417.872 35.375 147.675 179.732 763.139 924.849 525.146 984.878 110.853 652.293 668.19 840.351 206.536 325.906 990.556 586.328 628.83 669.464 867.596 223.055 805.015 71.601 849.105 264.329 732.323 502.449 35.789 366.838 731.914 237.218 392.569 
898.062 382.294 995.306 637.001 605.132 360.835 900.324 193.645 254.152 628.489 645.608 232.471 465.29 484.391 567.007 649.936 428.737 691.661 781.636 438.903 940.51 132.431 143.617 81.215 789.238 36.751 700.546 70.543 702.723 546.857 388.737 823.285 527.489 152.16 180.27 847.189 285.876 44.576 198.56 195.861 841.092 5.319 976.246 615.881 948.48 149.509 35.161 546.659 978.794 984.686 
498.129 197.215 970.383 535.986 421.926 797.66 420.925 352.479 581.936 401.813 207.515 644.248 415.988 561.875 165.819 902.534 606.985 591.114 576.764 855.911 661.032 552.526 87.567 224.177 699.952 263.265 994.639 857.595 868.533 321.142 541.888 675.952 177.808 105.591 578.394 330.568 180.434 152.765 137.45 374.502 240.226 83.616 889.089 698.47 830.269 212.983 482.878 58.149 52.333 280.146 
870.949 538.169 222.148 91.985 156.844 756.823 60.525 276.303 971.274 475.847 134.402 89.378 126.786 420.252 438.244 402.64 411.185 93.129 213.251 622.715 596.876 169.69 479.877 614.814 936.516 114.86 167.646 744.555 852.327 716.52 104.464 712.951 371.031 240.76 1.905 859.716 732.672 178.985 433.797 261.265 972.939 901.399 207.621 852.124 891.273 706.396 834.083 765.844 251.738 445.966 
239.163 301.777 449.671 202.377 273.318 336.563 392.08 530.917 198.818 424.402 451.296 503.165 262.472 514.794 962.766 580.551 256.541 993.85 180.341 92.145 54.844 584.926 504.081 218.345 798.848 199.699 265.177 648.918 991.685 759.105 413.337 495.126 726.445 184.784 677.042 410.107 359.432 8.845 881.157 358.054 218.962 137.018 576.033 292.075 307.693 119.738 872.049 433.489 386.38 134.971 
158.239 173.874 994.243 695.062 875.629 915.878 428.581 787.625 986.063 122.877 101.859 946.921 40.02 11.372 864.921 589.041 379.982 579.918 131.974 882.885 857.02 125.269 315.091 512.496 777.971 575.631 775.715 384.48 146.963 31.432 497.591 475.196 927.192 155.341 148.809 300.399 907.495 279.102 793.286 918.132 820.126 225.535 701.712 43.407 547.528 768.163 765.22 131.333 686.382 288.479 
933.765 650.666 77.498 929.702 73.85 558.836 102.945 183.143 645.38 974.174 745.845 377.899 599.513 114.954 2.049 123.846 77.975 953.68 780.679 545.524 787.332 236.22 248.472 591.715 636.607 189.482 235.672 89.177 997.473 911.25 907.68 535.97 990.033 645.078 461.854 87.528 627.856 604.052 566.651 381.302 306.375 169.087 972.04 701.804 680.862 317.227 448.343 269.943 89.005 932.178 
88.678 387.01 668.451 387.168 418.852 422.716 231.696 223.616 575.753 520.676 993.716 415.091 825.093 920.141 39.436 813.345 791.126 30.944 562.622 624.381 371.337 192.709 609.473 970.842 220.857 595.446 216.603 401.201 382.292 650.541 6.844 555.142 154.66 536.604 356.587 206.129 287.767 28.916 97.648 22.933 99.034 57.946 498.074 839.266 497.648 819.264 955.834 887.412 302.99 301.177 
49.308 264.551 560.363 385.566 472.943 188.211 143.008 429.664 869.319 340.143 40.782 11.858 204.829 902.876 252.035 933.911 427.111 578.961 362.432 15.677 923.445 203.238 117.65 383.365 872.329 989.102 899.65 721.268 383.838 829.671 865.895 325.138 600.678 592.249 910.145 369.644 325.515 586.008 181.48 751.678 183.789 428.278 712.68 919.882 746.995 502.79 802.124 155.374 973.068 849.176 
249.82 371.079 287.797 438.898 125.997 690.5 544.899 59.537 117.948 483.419 464.272 188.156 473.254 87.614 891.887 333.319 520.407 284.494 924.503 256.42 311.652 714.091 993.384 193.557 832.511 667.515 150.153 441.69 269.187 81.749 966.291 997.556 97.898 62.799 345.229 249.646 615.803 207.844 689.427 559.777 571.505 749.824 142.197 529.224 928.433 969.363 687.308 906.336 455.077 355.264 
854.97 595.227 973.36 69.072 419.685 459.309 514.328 90.685 780.044 509.053 983.003 678.118 531.317 258.307 245.329 981.78 365.719 688.119 302.523 681.392 956.482 869.835 832.416 682.758 104.948 340.674 587.771 912.737 99.896 131.548 458.339 646.738 706.678 162.795 910.531 158.74 590.262 420.554 520.341 116.328 463.655 823.429 596.652 796.448 941.174 751.994 543.793 671.71 159.921 749.207 
518.267 218.109 715.54 225.078 434.069 366.575 258.303 365.433 743.371 376.938 76.235 964.869 222.444 143.982 474.624 503.571 518.002 627.313 622.017 954.321 873.154 959.848 264.279 691.329 702.347 244.641 636.172 35.189 596.202 114.678 381.532 39.158 76.821 578.558 600.113 679.453 952.928 235.944 575.538 572.305 483.466 970.608 696.977 879.509 672.468 931.267 743.101 884.959 57.613 819.001 
46.041 35.778 379.684 464.504 104.277 704.543 450.281 730.472 294.668 383.755 330.37 426.265 93.593 901.793 214.772 753.575 95.306 523.54 86.004 879.001 871.272 79.959 649.793 557.572 981.406 68.632 942.933 380.5 728.707 572.956 293.624 384.166 30.208 690.154 635.628 381.335 791.911 729.29 723.758 334.219 458.538 196.536 188.794 845.082 482.231 821.934 401.569 212.988 354.429 95.709 
530.281 99.228 58.343 142.213 495.924 536.102 984.407 904.681 529.012 269.754 143.387 385.109 184.659 529.07 914.357 599.548 44.57 763.035 924.036 922.477 104.099 687.204 374.473 41.692 615.839 692.648 530.022 227.852 883.324 402.851 107.301 612.288 462.362 357.486 265.108 622.729 584.044 837.344 581.975 759.964 899.356 187.764 575.858 460.677 558.768 550.715 441.133 820.729 435.53 104.815 
232.375 965.336 954.886 915.876 174.514 780.459 387.55 341.869 128.138 599.727 343.087 544.886 571.003 572.658 10.192 394.247 959.394 912.66 785.357 34.469 815.888 486.75 507.548 493.822 368.455 197.819 789.5 859.872 937.882 317.881 464.537 216.798 300.553 17.892 211.098 89.853 527.639 887.361 591.578 540.745 707.131 962.729 455.279 645.317 237.636 417.779 236.617 339.944 866.398 650.548 
617.233 840.049 673.562 852.714 753.004 9.12 323.798 810.104 209.883 30.053 40.447 362.913 583.268 788.91 822.043 943.512 1.08 820.104 872.208 111.01 240.442 386.051 253.531 99.051 63.008 224.238 181.27 683.282 495.173 158.964 967.453 736.486 540.264 763.485 678.785 718.404 969.999 641.043 782.241 833.406 23.436 844.184 408.114 277.704 123.533 194.722 947.85 803.18 676.508 638.487 
612.742 956.107 186.932 287.328 488.106 461.809 204.091 180.091 773.839 518.898 182.591 882.88 950.853 75.3 272.592 766.26 697.288 932.385 15.389 782.179 805.082 649.71 921.819 820.651 734.84 850.689 633.61 420.022 387.042 709.096 759.494 301.488 556.44 829.858 376.409 116.815 503.376 541.265 478.966 480.179 773.558 519.151 461.106 242.344 412.589 186.768 351.242 362.306 839.506 767.92 
426.921 827.537 687.166 185.244 649.348 69.983 126.361 757.847 681.609 260.228 638.39 956.556 587.88 406.234 767.074 705.548 658.005 629.146 236.389 683.267 574.529 251.306 793.542 203.531 875.953 325.591 591.925 453.435 925.627 689.654 539.342 303.229 610.341 272.251 802.527 616.652 901.022 305.696 62.108 111.123 611.367 614.786 305.288 754.816 735.72 740.459 316.868 637.022 246.201 60.501 
514.168 834.64 801.429 70.632 332.852 448.607 318.294 185.776 799.179 952.321 188.834 649.87 611.699 687.649 950.879 511.85 518.121 392.085 981.089 608.223 741.22 71.044 475.401 67.739 361.715 753.424 269.501 269.695 952.774 631.604 588.16 775.065 671.603 878.505 147.925 810.499 262.591 870.178 672.736 270.713 98.073 129.639 946.969 716.655 589.977 746.4 978.412 332.586 636.53 839.737 
859.877 523.918 549.446 636.173 275.848 583.656 741.401 579.523 471.174 462.316 365.407 17.326 219.756 818.622 599.835 717.858 280.861 654.568 94.919 973.3 442.358 105.43 838.332 959.628 389.414 682.571 277.328 477.45 995.346 384.936 207.565 138.207 801.935 694.597 199.856 603.714 697.86 929.082 517.914 427.951 26.396 697.615 742.433 230.788 43.337 605.488 695.889 353.46 460.404 836.32 
868.398 696.19 600.486 193.159 94.743 415.887 757.504 699.305 611.189 325.651 406.822 472.222 673.217 52.509 879.152 56.475 948.088 753.555 391.129 10.084 659.58 65.185 410.759 204.334 993.5 239.362 313.536 208.351 382.769 634.054 800.117 600.491 998.756 945.183 598.932 282.471 974.558 706.744 713.177 263.545 682.03 947.005 654.531 57.231 403.105 65.259 919.015 796.857 410.579 148.344 
708.987 66.789 396.762 402.262 633.16 697.683 368.009 668.578 794.925 509.364 809.107 752.101 53.862 430.482 577.09 363.4 128.576 137.965 267.331 172.168 457.082 604.006 943.456 10.915 50.354 528.515 779.314 232.383 444.866 918.156 176.018 334.8 246.742 70.9 995.145 489.858 211.81 497.213 479.937 327.564 513.442 107.309 962.237 432.875 826.645 816.08 95.685 846.895 682.528 785.004 
493.996 687.213 555.214 4.24 782.145 245.071 645.138 240.029 845.577 373.347 900.399 813.361 853.471 571.533 138.317 209.22 662.047 271.184 176.268 238.545 52.501 361.945 484.542 343.878 395.291 331.606 329.751 570.675 817.649 476.14 316.81 893.896 960.721 820.413 262.711 190.012 667.469 101.464 472.47 544.219 650.207 770.172 865.417 241.788 518.015 38.156 990.454 104.711 194.945 730.782 
901.988 902.957 490.392 415.343 622.141 531.152 478.357 369.028 72.655 40.222 365.724 196.064 363.677 561.891 267.458 52.717 994.103 266.418 469.845 216.376 854.35 769.464 384.627 35.527 696.655 478.426 766.169 79.771 259.127 666.631 760.709 195.928 635.71 450.193 532.19 506.769 904.954 720.211 603.451 316.179 585.148 972.318 825.647 562.438 679.589 753.685 76.891 868.972 502.833 256.898 
731.337 83.427 947.877 600.438 182.894 874.196 517.69 511.363 464.79 641.812 118.608 531.578 286.18 145.405 899.218 614.15 633.859 489.786 411.519 32.883 795.902 634.88 434.685 33.035 679.482 128.135 316.617 916.682 773.184 30.158 222.042 766.491 858.51 648.671 93.139 785.554 467.462 36.112 115.922 450.775 484.155 94.368 705.53 82.831 45.735 250.393 495.305 27.764 545.264 359.736 
231.138 140.94 93.815 170.738 42.313 384.686 189.577 237.483 591.744 241.824 424.149 63.796 728.506 889.042 557.833 618.498 41.51 243.774 545.718 356.67 274.139 183.647 942.84 695.307 844.085 694.957 772.024 363.364 874.535 745.965 747.879 697.577 287.202 537.608 30.364 459.636 44.4 628.127 815.47 909.816 10.454 464.377 94.197 844.611 158.007 221.46 319.057 484.301 374.8 212.91 
719.361 746.998 780.174 39.519 811.336 477.221 44.959 869.285 811.109 598.674 501.179 831.947 177.76 441.566 536.131 961.462 44.717 913.643 750.669 17.27 21.486 863.204 865.499 737.946 205.313 779.598 557.211 755.257 417.988 810.465 999.121 187.859 750.22 109.174 626.562 758.812 943.965 563.967 146.1 403.722 520.304 235.676 349.56 831.714 435.104 89.525 775.717 374.865 200.37 424.035 
569.766 594.088 886.369 73.569 373.337 322.063 199.473 462.119 550.987 560.788 945.557 892.705 548.26 757.086 271.904 854.679 89.73 292.876 64.85 393.294 380.24 435.72 655.509 126.712 860.904 22.737 71.365 151.382 143.177 552.363 763.695 912.475 775.343 922.159 526.933 491.815 508.55 270.966 745.023 990.718 558.973 282.915 957.26 623.679 526.906 46.999 117.527 225.545 465.435 848.483 
387.194 360.657 91.755 828.858 729.102 929.218 797.435 107.691 843.97 686.803 893.577 992.933 898.899 245.908 208.159 523.32 254.867 287.056 550.103 208.014 230.305 75.067 838.104 854.315 692.347 376.098 758.368 645.391 473.998 562.948 870.245 1.025 691.271 256.141 16.095 222.93 124.478 956.151 544.866 573.269 274.043 943.613 87.417 810.451 117.483 235.897 845.439 841.326 425.692 907.097 
48.456 344.894 878.384 600.836 922.091 204.322 663.329 682.349 730.534 754.88 500.588 351.9 222.713 602.986 907.193 138.695 245.14 137.586 158.194 335.318 124.262 14.33 103.201 449.767 829.847 816.261 18.969 817.415 212.758 853.899 328.126 354.212 21.325 447.112 562.672 365.256 461.126 526.941 973.587 526.676 5.893 677.236 385.569 569.586 212.861 498.309 866.001 635.072 16.963 963.703 
853.28 90.765 550.44 354.488 985.078 532.837 961.172 171.224 928.437 342.931 334.279 209.182 892.279 454.71 482.276 70.465 69.761 829.944 940.192 898.112 335.798 547.587 369.492 153.903 442.907 496.448 844.118 564.808 954.986 38.754 733.418 88.021 541.409 720.964 831.081 921.589 839.356 218.803 60.777 625.425 2.912 135.242 455.204 360.06 896.757 959.465 693.361 622.064 791.778 760.77 
345.769 866.4 961.144 248.744 624.611 519.091 229.72 460.203 937.886 248.838 6.487 92.26 788.821 912.525 99.637 192.187 676.716 268.978 34.403 207.814 441.926 8.977 241.49 652.748 848.138 922.24 804.668 952.882 973.894 618.199 659.701 287.272 525.615 777.799 930.566 57.039 357.543 604.163 515.578 492.025 780.453 763.017 10.279 657.642 779.481 628.403 844.826 634.474 147.665 476.977 
831.106 728.875 776.962 427.892 163.247 782.127 256.348 962.864 690.608 173.588 459.433 321.789 138.234 976.737 253.509 802.255 427.001 602.994 445.726 218.929 753.791 596.208 679.871 927.044 549.824 880.47 119.338 691.728 505.132 570.562 644.213 667.019 321.697 347.917 377.731 776.508 347.003 468.927 139.869 13.328 675.141 12.065 249.195 640.21 772.146 10.726 697.557 217.755 677.594 127.114 
811.083 91.382 471.282 864.611 508.562 413.33 497.484 228.566 13.346 787.078 93.314 112.083 308.964 254.196 131.829 669.034 122.81 825.981 417.573 218.121 182.063 477.095 446.997 266.324 986.327 671.608 750.343 461.478 600.412 466.268 114.981 879.294 404.969 669.934 30.246 817.755 619.939 963.563 346.663 747.965 547.538 555.014 885.646 556.039 50.462 235.381 434.779 607.43 552.561 977.159 
545.564 649.941 259.454 207.132 185.797 920.298 247.845 267.99 80.603 43.245 66.557 13.954 276.619 420.187 348.931 54.242 546.636 405.916 961.158 327.882 126.384 160.971 407.069 468.95 557.603 574.543 846.715 916.354 318.428 500.562 44.107 848.193 51.816 482.576 162.424 694.265 594.03 159.965 900.663 478.091 909.428 314.271 230.496 42.034 11.586 786.126 813.201 719.704 153.664 596.983 
968.332 620.391 757.203 503.969 563.495 93.31 642.915 64.891 103.232 170.965 323.438 666.075 3.175 115.963 570.79 694.703 90.83 825.612 954.853 251.338 250.845 918.441 800.192 890.459 823.631 485.928 183.613 867.807 97.292 605.018 627.825 191.165 386.434 671.978 360.581 76.981 241.007 0.671 124.517 858.457 518.788 736.139 600.987 235.802 43.081 297.785 975.741 217.21 783.405 365.702 
52.304 545.193 628.738 764.702 914.41 845.242 138.792 567.749 979.599 919.974 803.504 535.495 433.914 225.261 653.382 486.338 882.337 558.792 494.768 962.474 284.656 392.595 39.119 675.693 106.252 579.346 506.548 147.91 829.816 993.136 131.294 420.2 725.19 565.147 555.31 346.983 428.805 963.43 948.244 871.652 648.637 538.147 279.296 6.244 246.111 619.453 552.836 950.731 46.694 468.098 
345.852 179.702 904.514 767.798 922.073 880.83 358.387 291.278 103.218 990.622 236.751 195.197 208.924 224.614 507.261 279.199 299.735 441.974 487.829 667.75 299.313 285.457 114.907 746.497 889.298 711.594 49.063 471.762 290.197 393.153 77.614 758.107 182.587 997.79 755.735 873.566 857.634 68.526 72.979 497.391 88.494 140.58 998.068 55.519 169.333 310.999 366.596 397.115 237.118 600.441 
691.105 442.428 949.786 983.293 582.434 497.542 461.868 237.408 321.955 564.157 614.559 610.526 272.086 542.813 452.574 562.355 874.475 439.611 399.268 384.079 993.687 503.827 987.714 250.724 178.157 177.73 496.191 744.873 397.438 784.426 813.705 837.121 139.853 57.887 194.126 489.342 683.727 61.395 189.47 629.329 701.94 285.941 131.156 720.079 904.994 26.117 135.27 603.349 499.412 982.891 
638.45 825.666 711.192 605.87 325.504 86.019 288.83 531.539 123.09 489.104 122.648 27.77 884.942 289.456 704.896 419.63 630.78 176.85 640.625 658.733 398.691 650.039 258.756 671.26 600.917 960.116 75.708 407.213 203.239 161.458 965.619 296.643 665.038 534.52 433.456 616.77 890.019 209.029 823.062 541.532 521.364 505.136 487.099 369.207 549.073 871.485 612.085 426.357 283.125 798.328 
116.185 96.972 708.829 514.083 694.527 974.83 96.469 885.066 911.052 672.179 228.643 433.07 594.594 872.91 173.216 299.129 413.611 272.663 182.105 75.27 263.59 354.784 328.802 452.232 124.112 215.143 147.674 995.432 553.304 493.77 325.322 751.669 264.69 851.299 239.205 61.768 444.475 776.773 297.125 30.979 493.196 669.207 108.66 877.304 147.36 68.817 353.452 241.887 689.324 890.569 
301.324 887.02 299.458 594.555 626.943 912.209 513.752 917.17 66.81 965.811 917.484 964.765 577.684 610.843 298.435 980.379 511.043 842.335 878.566 49.951 598.383 219.024 221.294 877.34 494.478 452.908 425.31 172.338 337.497 184.192 845.264 101.017 725.173 168.915 837.987 129.064 588.89 25.17 514.217 249.894 567.884 417.821 413.164 374.468 215.336 674.396 686.544 498.02 179.473 503.756 
977.428 921.877 125.503 74.981 978.154 394.021 670.422 279.784 294.142 716.645 81.339 647.631 208.357 573.527 645.883 357.459 157.136 796.976 602.485 102.216 701.571 307.435 281.814 696.819 110.327 300.075 479.806 420.448 557.024 67.766 421.545 806.122 824.399 41.514 306.606 433.753 798.018 895.973 277.341 254.003 376.078 416.789 21.764 30.988 220.583 494.634 332.633 831.224 68.541 339.409 
631.542 363.801 408.509 960.029 954.042 864.833 583.457 670.738 864.412 696.304 708.307 818.775 278.334 532.35 83.94 188.264 569.295 208.604 65.731 54.054 243.577 751.003 334.602 702.151 196.387 549.43 797.522 108.571 845.373 762.224 204.464 881.918 552.964 92.877 658.149 8.595 476.589 328.612 115.034 400.222 392.821 616.912 523.013 567.617 60.189 776.98 386.455 317.183 276.343 646.245 
790.08 307.778 252.656 787.727 69.976 877.112 623.312 659.956 97.458 118.145 446.799 900.438 409.657 222.787 761.83 431.209 585.538 31.379 570.44 94.547 162.502 327.03 786.346 555.131 849.6 610.742 482.034 229.029 654.989 515.084 378.53 699.662 631.08 489.864 112.804 502.769 51.817 826.572 158.07 790.239 293.344 758.656 37.633 718.843 703.802 98.365 412.602 281.801 547.051 94.216 
